     -4.00     -4.00      0.00
     -2.00     -4.00      0.00
      0.00     -4.00      0.00
      2.00     -4.00      0.00
      4.00     -4.00      0.00
     -4.00     -2.00      0.00
     -2.00     -2.00      0.00
      0.00     -2.00      0.00
      2.00     -2.00      0.00
      4.00     -2.00      0.00
     -4.00      0.00      0.00
     -2.00      0.00      0.00
      0.00      0.00      0.00
      2.00      0.00      0.00
      4.00      0.00      0.00
     -4.00      2.00      0.00
     -2.00      2.00      0.00
      0.00      2.00      0.00
      2.00      2.00      0.00
      4.00      2.00      0.00
     -4.00      4.00      0.00
     -2.00      4.00      0.00
      0.00      4.00      0.00
      2.00      4.00      0.00
      4.00      4.00      0.00
     -4.00     -4.00      4.00
     -2.00     -4.00      4.00
      0.00     -4.00      4.00
      2.00     -4.00      4.00
      4.00     -4.00      4.00
     -4.00     -2.00      4.00
     -2.00     -2.00      4.00
      0.00     -2.00      4.00
      2.00     -2.00      4.00
      4.00     -2.00      4.00
     -4.00      0.00      4.00
     -2.00      0.00      4.00
      0.00      0.00      4.00
      2.00      0.00      4.00
      4.00      0.00      4.00
     -4.00      2.00      4.00
     -2.00      2.00      4.00
      0.00      2.00      4.00
      2.00      2.00      4.00
      4.00      2.00      4.00
     -4.00      4.00      4.00
     -2.00      4.00      4.00
      0.00      4.00      4.00
      2.00      4.00      4.00
      4.00      4.00      4.00
     -4.00     -4.00      8.00
     -2.00     -4.00      8.00
      0.00     -4.00      8.00
      2.00     -4.00      8.00
      4.00     -4.00      8.00
     -4.00     -2.00      8.00
     -2.00     -2.00      8.00
      0.00     -2.00      8.00
      2.00     -2.00      8.00
      4.00     -2.00      8.00
     -4.00      0.00      8.00
     -2.00      0.00      8.00
      0.00      0.00      8.00
      2.00      0.00      8.00
      4.00      0.00      8.00
     -4.00      2.00      8.00
     -2.00      2.00      8.00
      0.00      2.00      8.00
      2.00      2.00      8.00
      4.00      2.00      8.00
     -4.00      4.00      8.00
     -2.00      4.00      8.00
      0.00      4.00      8.00
      2.00      4.00      8.00
      4.00      4.00      8.00
     -4.00     -4.00     12.00
     -2.00     -4.00     12.00
      0.00     -4.00     12.00
      2.00     -4.00     12.00
      4.00     -4.00     12.00
     -4.00     -2.00     12.00
     -2.00     -2.00     12.00
      0.00     -2.00     12.00
      2.00     -2.00     12.00
      4.00     -2.00     12.00
     -4.00      0.00     12.00
     -2.00      0.00     12.00
      0.00      0.00     12.00
      2.00      0.00     12.00
      4.00      0.00     12.00
     -4.00      2.00     12.00
     -2.00      2.00     12.00
      0.00      2.00     12.00
      2.00      2.00     12.00
      4.00      2.00     12.00
     -4.00      4.00     12.00
     -2.00      4.00     12.00
      0.00      4.00     12.00
      2.00      4.00     12.00
      4.00      4.00     12.00
     -4.00     -4.00     16.00
     -2.00     -4.00     16.00
      0.00     -4.00     16.00
      2.00     -4.00     16.00
      4.00     -4.00     16.00
     -4.00     -2.00     16.00
     -2.00     -2.00     16.00
      0.00     -2.00     16.00
      2.00     -2.00     16.00
      4.00     -2.00     16.00
     -4.00      0.00     16.00
     -2.00      0.00     16.00
      0.00      0.00     16.00
      2.00      0.00     16.00
      4.00      0.00     16.00
     -4.00      2.00     16.00
     -2.00      2.00     16.00
      0.00      2.00     16.00
      2.00      2.00     16.00
      4.00      2.00     16.00
     -4.00      4.00     16.00
     -2.00      4.00     16.00
      0.00      4.00     16.00
      2.00      4.00     16.00
      4.00      4.00     16.00
     -4.00     -4.00     20.00
     -2.00     -4.00     20.00
      0.00     -4.00     20.00
      2.00     -4.00     20.00
      4.00     -4.00     20.00
     -4.00     -2.00     20.00
     -2.00     -2.00     20.00
      0.00     -2.00     20.00
      2.00     -2.00     20.00
      4.00     -2.00     20.00
     -4.00      0.00     20.00
     -2.00      0.00     20.00
      0.00      0.00     20.00
      2.00      0.00     20.00
      4.00      0.00     20.00
     -4.00      2.00     20.00
     -2.00      2.00     20.00
      0.00      2.00     20.00
      2.00      2.00     20.00
      4.00      2.00     20.00
     -4.00      4.00     20.00
     -2.00      4.00     20.00
      0.00      4.00     20.00
      2.00      4.00     20.00
      4.00      4.00     20.00
     -4.00     -4.00     24.00
     -2.00     -4.00     24.00
      0.00     -4.00     24.00
      2.00     -4.00     24.00
      4.00     -4.00     24.00
     -4.00     -2.00     24.00
     -2.00     -2.00     24.00
      0.00     -2.00     24.00
      2.00     -2.00     24.00
      4.00     -2.00     24.00
     -4.00      0.00     24.00
     -2.00      0.00     24.00
      0.00      0.00     24.00
      2.00      0.00     24.00
      4.00      0.00     24.00
     -4.00      2.00     24.00
     -2.00      2.00     24.00
      0.00      2.00     24.00
      2.00      2.00     24.00
      4.00      2.00     24.00
     -4.00      4.00     24.00
     -2.00      4.00     24.00
      0.00      4.00     24.00
      2.00      4.00     24.00
      4.00      4.00     24.00
     -4.00     -4.00     28.00
     -2.00     -4.00     28.00
      0.00     -4.00     28.00
      2.00     -4.00     28.00
      4.00     -4.00     28.00
     -4.00     -2.00     28.00
     -2.00     -2.00     28.00
      0.00     -2.00     28.00
      2.00     -2.00     28.00
      4.00     -2.00     28.00
     -4.00      0.00     28.00
     -2.00      0.00     28.00
      0.00      0.00     28.00
      2.00      0.00     28.00
      4.00      0.00     28.00
     -4.00      2.00     28.00
     -2.00      2.00     28.00
      0.00      2.00     28.00
      2.00      2.00     28.00
      4.00      2.00     28.00
     -4.00      4.00     28.00
     -2.00      4.00     28.00
      0.00      4.00     28.00
      2.00      4.00     28.00
      4.00      4.00     28.00
     -4.00     -4.00     32.00
     -2.00     -4.00     32.00
      0.00     -4.00     32.00
      2.00     -4.00     32.00
      4.00     -4.00     32.00
     -4.00     -2.00     32.00
     -2.00     -2.00     32.00
      0.00     -2.00     32.00
      2.00     -2.00     32.00
      4.00     -2.00     32.00
     -4.00      0.00     32.00
     -2.00      0.00     32.00
      0.00      0.00     32.00
      2.00      0.00     32.00
      4.00      0.00     32.00
     -4.00      2.00     32.00
     -2.00      2.00     32.00
      0.00      2.00     32.00
      2.00      2.00     32.00
      4.00      2.00     32.00
     -4.00      4.00     32.00
     -2.00      4.00     32.00
      0.00      4.00     32.00
      2.00      4.00     32.00
      4.00      4.00     32.00
     -4.00     -4.00     36.00
     -2.00     -4.00     36.00
      0.00     -4.00     36.00
      2.00     -4.00     36.00
      4.00     -4.00     36.00
     -4.00     -2.00     36.00
     -2.00     -2.00     36.00
      0.00     -2.00     36.00
      2.00     -2.00     36.00
      4.00     -2.00     36.00
     -4.00      0.00     36.00
     -2.00      0.00     36.00
      0.00      0.00     36.00
      2.00      0.00     36.00
      4.00      0.00     36.00
     -4.00      2.00     36.00
     -2.00      2.00     36.00
      0.00      2.00     36.00
      2.00      2.00     36.00
      4.00      2.00     36.00
     -4.00      4.00     36.00
     -2.00      4.00     36.00
      0.00      4.00     36.00
      2.00      4.00     36.00
      4.00      4.00     36.00
     -4.00     -4.00     40.00
     -2.00     -4.00     40.00
      0.00     -4.00     40.00
      2.00     -4.00     40.00
      4.00     -4.00     40.00
     -4.00     -2.00     40.00
     -2.00     -2.00     40.00
      0.00     -2.00     40.00
      2.00     -2.00     40.00
      4.00     -2.00     40.00
     -4.00      0.00     40.00
     -2.00      0.00     40.00
      0.00      0.00     40.00
      2.00      0.00     40.00
      4.00      0.00     40.00
     -4.00      2.00     40.00
     -2.00      2.00     40.00
      0.00      2.00     40.00
      2.00      2.00     40.00
      4.00      2.00     40.00
     -4.00      4.00     40.00
     -2.00      4.00     40.00
      0.00      4.00     40.00
      2.00      4.00     40.00
      4.00      4.00     40.00
     -4.00     -4.00     44.00
     -2.00     -4.00     44.00
      0.00     -4.00     44.00
      2.00     -4.00     44.00
      4.00     -4.00     44.00
     -4.00     -2.00     44.00
     -2.00     -2.00     44.00
      0.00     -2.00     44.00
      2.00     -2.00     44.00
      4.00     -2.00     44.00
     -4.00      0.00     44.00
     -2.00      0.00     44.00
      0.00      0.00     44.00
      2.00      0.00     44.00
      4.00      0.00     44.00
     -4.00      2.00     44.00
     -2.00      2.00     44.00
      0.00      2.00     44.00
      2.00      2.00     44.00
      4.00      2.00     44.00
     -4.00      4.00     44.00
     -2.00      4.00     44.00
      0.00      4.00     44.00
      2.00      4.00     44.00
      4.00      4.00     44.00
     -4.00     -4.00     48.00
     -2.00     -4.00     48.00
      0.00     -4.00     48.00
      2.00     -4.00     48.00
      4.00     -4.00     48.00
     -4.00     -2.00     48.00
     -2.00     -2.00     48.00
      0.00     -2.00     48.00
      2.00     -2.00     48.00
      4.00     -2.00     48.00
     -4.00      0.00     48.00
     -2.00      0.00     48.00
      0.00      0.00     48.00
      2.00      0.00     48.00
      4.00      0.00     48.00
     -4.00      2.00     48.00
     -2.00      2.00     48.00
      0.00      2.00     48.00
      2.00      2.00     48.00
      4.00      2.00     48.00
     -4.00      4.00     48.00
     -2.00      4.00     48.00
      0.00      4.00     48.00
      2.00      4.00     48.00
      4.00      4.00     48.00
     -4.00     -4.00     52.00
     -2.00     -4.00     52.00
      0.00     -4.00     52.00
      2.00     -4.00     52.00
      4.00     -4.00     52.00
     -4.00     -2.00     52.00
     -2.00     -2.00     52.00
      0.00     -2.00     52.00
      2.00     -2.00     52.00
      4.00     -2.00     52.00
     -4.00      0.00     52.00
     -2.00      0.00     52.00
      0.00      0.00     52.00
      2.00      0.00     52.00
      4.00      0.00     52.00
     -4.00      2.00     52.00
     -2.00      2.00     52.00
      0.00      2.00     52.00
      2.00      2.00     52.00
      4.00      2.00     52.00
     -4.00      4.00     52.00
     -2.00      4.00     52.00
      0.00      4.00     52.00
      2.00      4.00     52.00
      4.00      4.00     52.00
     -4.00     -4.00     56.00
     -2.00     -4.00     56.00
      0.00     -4.00     56.00
      2.00     -4.00     56.00
      4.00     -4.00     56.00
     -4.00     -2.00     56.00
     -2.00     -2.00     56.00
      0.00     -2.00     56.00
      2.00     -2.00     56.00
      4.00     -2.00     56.00
     -4.00      0.00     56.00
     -2.00      0.00     56.00
      0.00      0.00     56.00
      2.00      0.00     56.00
      4.00      0.00     56.00
     -4.00      2.00     56.00
     -2.00      2.00     56.00
      0.00      2.00     56.00
      2.00      2.00     56.00
      4.00      2.00     56.00
     -4.00      4.00     56.00
     -2.00      4.00     56.00
      0.00      4.00     56.00
      2.00      4.00     56.00
      4.00      4.00     56.00
     -4.00     -4.00     60.00
     -2.00     -4.00     60.00
      0.00     -4.00     60.00
      2.00     -4.00     60.00
      4.00     -4.00     60.00
     -4.00     -2.00     60.00
     -2.00     -2.00     60.00
      0.00     -2.00     60.00
      2.00     -2.00     60.00
      4.00     -2.00     60.00
     -4.00      0.00     60.00
     -2.00      0.00     60.00
      0.00      0.00     60.00
      2.00      0.00     60.00
      4.00      0.00     60.00
     -4.00      2.00     60.00
     -2.00      2.00     60.00
      0.00      2.00     60.00
      2.00      2.00     60.00
      4.00      2.00     60.00
     -4.00      4.00     60.00
     -2.00      4.00     60.00
      0.00      4.00     60.00
      2.00      4.00     60.00
      4.00      4.00     60.00
     -4.00     -4.00     64.00
     -2.00     -4.00     64.00
      0.00     -4.00     64.00
      2.00     -4.00     64.00
      4.00     -4.00     64.00
     -4.00     -2.00     64.00
     -2.00     -2.00     64.00
      0.00     -2.00     64.00
      2.00     -2.00     64.00
      4.00     -2.00     64.00
     -4.00      0.00     64.00
     -2.00      0.00     64.00
      0.00      0.00     64.00
      2.00      0.00     64.00
      4.00      0.00     64.00
     -4.00      2.00     64.00
     -2.00      2.00     64.00
      0.00      2.00     64.00
      2.00      2.00     64.00
      4.00      2.00     64.00
     -4.00      4.00     64.00
     -2.00      4.00     64.00
      0.00      4.00     64.00
      2.00      4.00     64.00
      4.00      4.00     64.00
     -4.00     -4.00     68.00
     -2.00     -4.00     68.00
      0.00     -4.00     68.00
      2.00     -4.00     68.00
      4.00     -4.00     68.00
     -4.00     -2.00     68.00
     -2.00     -2.00     68.00
      0.00     -2.00     68.00
      2.00     -2.00     68.00
      4.00     -2.00     68.00
     -4.00      0.00     68.00
     -2.00      0.00     68.00
      0.00      0.00     68.00
      2.00      0.00     68.00
      4.00      0.00     68.00
     -4.00      2.00     68.00
     -2.00      2.00     68.00
      0.00      2.00     68.00
      2.00      2.00     68.00
      4.00      2.00     68.00
     -4.00      4.00     68.00
     -2.00      4.00     68.00
      0.00      4.00     68.00
      2.00      4.00     68.00
      4.00      4.00     68.00
     -4.00     -4.00     72.00
     -2.00     -4.00     72.00
      0.00     -4.00     72.00
      2.00     -4.00     72.00
      4.00     -4.00     72.00
     -4.00     -2.00     72.00
     -2.00     -2.00     72.00
      0.00     -2.00     72.00
      2.00     -2.00     72.00
      4.00     -2.00     72.00
     -4.00      0.00     72.00
     -2.00      0.00     72.00
      0.00      0.00     72.00
      2.00      0.00     72.00
      4.00      0.00     72.00
     -4.00      2.00     72.00
     -2.00      2.00     72.00
      0.00      2.00     72.00
      2.00      2.00     72.00
      4.00      2.00     72.00
     -4.00      4.00     72.00
     -2.00      4.00     72.00
      0.00      4.00     72.00
      2.00      4.00     72.00
      4.00      4.00     72.00
     -4.00     -4.00     76.00
     -2.00     -4.00     76.00
      0.00     -4.00     76.00
      2.00     -4.00     76.00
      4.00     -4.00     76.00
     -4.00     -2.00     76.00
     -2.00     -2.00     76.00
      0.00     -2.00     76.00
      2.00     -2.00     76.00
      4.00     -2.00     76.00
     -4.00      0.00     76.00
     -2.00      0.00     76.00
      0.00      0.00     76.00
      2.00      0.00     76.00
      4.00      0.00     76.00
     -4.00      2.00     76.00
     -2.00      2.00     76.00
      0.00      2.00     76.00
      2.00      2.00     76.00
      4.00      2.00     76.00
     -4.00      4.00     76.00
     -2.00      4.00     76.00
      0.00      4.00     76.00
      2.00      4.00     76.00
      4.00      4.00     76.00
     -4.00     -4.00     80.00
     -2.00     -4.00     80.00
      0.00     -4.00     80.00
      2.00     -4.00     80.00
      4.00     -4.00     80.00
     -4.00     -2.00     80.00
     -2.00     -2.00     80.00
      0.00     -2.00     80.00
      2.00     -2.00     80.00
      4.00     -2.00     80.00
     -4.00      0.00     80.00
     -2.00      0.00     80.00
      0.00      0.00     80.00
      2.00      0.00     80.00
      4.00      0.00     80.00
     -4.00      2.00     80.00
     -2.00      2.00     80.00
      0.00      2.00     80.00
      2.00      2.00     80.00
      4.00      2.00     80.00
     -4.00      4.00     80.00
     -2.00      4.00     80.00
      0.00      4.00     80.00
      2.00      4.00     80.00
      4.00      4.00     80.00
     -4.00     -4.00     84.00
     -2.00     -4.00     84.00
      0.00     -4.00     84.00
      2.00     -4.00     84.00
      4.00     -4.00     84.00
     -4.00     -2.00     84.00
     -2.00     -2.00     84.00
      0.00     -2.00     84.00
      2.00     -2.00     84.00
      4.00     -2.00     84.00
     -4.00      0.00     84.00
     -2.00      0.00     84.00
      0.00      0.00     84.00
      2.00      0.00     84.00
      4.00      0.00     84.00
     -4.00      2.00     84.00
     -2.00      2.00     84.00
      0.00      2.00     84.00
      2.00      2.00     84.00
      4.00      2.00     84.00
     -4.00      4.00     84.00
     -2.00      4.00     84.00
      0.00      4.00     84.00
      2.00      4.00     84.00
      4.00      4.00     84.00
     -4.00     -4.00     88.00
     -2.00     -4.00     88.00
      0.00     -4.00     88.00
      2.00     -4.00     88.00
      4.00     -4.00     88.00
     -4.00     -2.00     88.00
     -2.00     -2.00     88.00
      0.00     -2.00     88.00
      2.00     -2.00     88.00
      4.00     -2.00     88.00
     -4.00      0.00     88.00
     -2.00      0.00     88.00
      0.00      0.00     88.00
      2.00      0.00     88.00
      4.00      0.00     88.00
     -4.00      2.00     88.00
     -2.00      2.00     88.00
      0.00      2.00     88.00
      2.00      2.00     88.00
      4.00      2.00     88.00
     -4.00      4.00     88.00
     -2.00      4.00     88.00
      0.00      4.00     88.00
      2.00      4.00     88.00
      4.00      4.00     88.00
     -4.00     -4.00     92.00
     -2.00     -4.00     92.00
      0.00     -4.00     92.00
      2.00     -4.00     92.00
      4.00     -4.00     92.00
     -4.00     -2.00     92.00
     -2.00     -2.00     92.00
      0.00     -2.00     92.00
      2.00     -2.00     92.00
      4.00     -2.00     92.00
     -4.00      0.00     92.00
     -2.00      0.00     92.00
      0.00      0.00     92.00
      2.00      0.00     92.00
      4.00      0.00     92.00
     -4.00      2.00     92.00
     -2.00      2.00     92.00
      0.00      2.00     92.00
      2.00      2.00     92.00
      4.00      2.00     92.00
     -4.00      4.00     92.00
     -2.00      4.00     92.00
      0.00      4.00     92.00
      2.00      4.00     92.00
      4.00      4.00     92.00
     -4.00     -4.00     96.00
     -2.00     -4.00     96.00
      0.00     -4.00     96.00
      2.00     -4.00     96.00
      4.00     -4.00     96.00
     -4.00     -2.00     96.00
     -2.00     -2.00     96.00
      0.00     -2.00     96.00
      2.00     -2.00     96.00
      4.00     -2.00     96.00
     -4.00      0.00     96.00
     -2.00      0.00     96.00
      0.00      0.00     96.00
      2.00      0.00     96.00
      4.00      0.00     96.00
     -4.00      2.00     96.00
     -2.00      2.00     96.00
      0.00      2.00     96.00
      2.00      2.00     96.00
      4.00      2.00     96.00
     -4.00      4.00     96.00
     -2.00      4.00     96.00
      0.00      4.00     96.00
      2.00      4.00     96.00
      4.00      4.00     96.00
     -4.00     -4.00    100.00
     -2.00     -4.00    100.00
      0.00     -4.00    100.00
      2.00     -4.00    100.00
      4.00     -4.00    100.00
     -4.00     -2.00    100.00
     -2.00     -2.00    100.00
      0.00     -2.00    100.00
      2.00     -2.00    100.00
      4.00     -2.00    100.00
     -4.00      0.00    100.00
     -2.00      0.00    100.00
      0.00      0.00    100.00
      2.00      0.00    100.00
      4.00      0.00    100.00
     -4.00      2.00    100.00
     -2.00      2.00    100.00
      0.00      2.00    100.00
      2.00      2.00    100.00
      4.00      2.00    100.00
     -4.00      4.00    100.00
     -2.00      4.00    100.00
      0.00      4.00    100.00
      2.00      4.00    100.00
      4.00      4.00    100.00
     -4.00     -4.00    104.00
     -2.00     -4.00    104.00
      0.00     -4.00    104.00
      2.00     -4.00    104.00
      4.00     -4.00    104.00
     -4.00     -2.00    104.00
     -2.00     -2.00    104.00
      0.00     -2.00    104.00
      2.00     -2.00    104.00
      4.00     -2.00    104.00
     -4.00      0.00    104.00
     -2.00      0.00    104.00
      0.00      0.00    104.00
      2.00      0.00    104.00
      4.00      0.00    104.00
     -4.00      2.00    104.00
     -2.00      2.00    104.00
      0.00      2.00    104.00
      2.00      2.00    104.00
      4.00      2.00    104.00
     -4.00      4.00    104.00
     -2.00      4.00    104.00
      0.00      4.00    104.00
      2.00      4.00    104.00
      4.00      4.00    104.00
     -4.00     -4.00    108.00
     -2.00     -4.00    108.00
      0.00     -4.00    108.00
      2.00     -4.00    108.00
      4.00     -4.00    108.00
     -4.00     -2.00    108.00
     -2.00     -2.00    108.00
      0.00     -2.00    108.00
      2.00     -2.00    108.00
      4.00     -2.00    108.00
     -4.00      0.00    108.00
     -2.00      0.00    108.00
      0.00      0.00    108.00
      2.00      0.00    108.00
      4.00      0.00    108.00
     -4.00      2.00    108.00
     -2.00      2.00    108.00
      0.00      2.00    108.00
      2.00      2.00    108.00
      4.00      2.00    108.00
     -4.00      4.00    108.00
     -2.00      4.00    108.00
      0.00      4.00    108.00
      2.00      4.00    108.00
      4.00      4.00    108.00
     -4.00     -4.00    112.00
     -2.00     -4.00    112.00
      0.00     -4.00    112.00
      2.00     -4.00    112.00
      4.00     -4.00    112.00
     -4.00     -2.00    112.00
     -2.00     -2.00    112.00
      0.00     -2.00    112.00
      2.00     -2.00    112.00
      4.00     -2.00    112.00
     -4.00      0.00    112.00
     -2.00      0.00    112.00
      0.00      0.00    112.00
      2.00      0.00    112.00
      4.00      0.00    112.00
     -4.00      2.00    112.00
     -2.00      2.00    112.00
      0.00      2.00    112.00
      2.00      2.00    112.00
      4.00      2.00    112.00
     -4.00      4.00    112.00
     -2.00      4.00    112.00
      0.00      4.00    112.00
      2.00      4.00    112.00
      4.00      4.00    112.00
     -4.00     -4.00    116.00
     -2.00     -4.00    116.00
      0.00     -4.00    116.00
      2.00     -4.00    116.00
      4.00     -4.00    116.00
     -4.00     -2.00    116.00
     -2.00     -2.00    116.00
      0.00     -2.00    116.00
      2.00     -2.00    116.00
      4.00     -2.00    116.00
     -4.00      0.00    116.00
     -2.00      0.00    116.00
      0.00      0.00    116.00
      2.00      0.00    116.00
      4.00      0.00    116.00
     -4.00      2.00    116.00
     -2.00      2.00    116.00
      0.00      2.00    116.00
      2.00      2.00    116.00
      4.00      2.00    116.00
     -4.00      4.00    116.00
     -2.00      4.00    116.00
      0.00      4.00    116.00
      2.00      4.00    116.00
      4.00      4.00    116.00
     -4.00     -4.00    120.00
     -2.00     -4.00    120.00
      0.00     -4.00    120.00
      2.00     -4.00    120.00
      4.00     -4.00    120.00
     -4.00     -2.00    120.00
     -2.00     -2.00    120.00
      0.00     -2.00    120.00
      2.00     -2.00    120.00
      4.00     -2.00    120.00
     -4.00      0.00    120.00
     -2.00      0.00    120.00
      0.00      0.00    120.00
      2.00      0.00    120.00
      4.00      0.00    120.00
     -4.00      2.00    120.00
     -2.00      2.00    120.00
      0.00      2.00    120.00
      2.00      2.00    120.00
      4.00      2.00    120.00
     -4.00      4.00    120.00
     -2.00      4.00    120.00
      0.00      4.00    120.00
      2.00      4.00    120.00
      4.00      4.00    120.00
     -4.00     -4.00    124.00
     -2.00     -4.00    124.00
      0.00     -4.00    124.00
      2.00     -4.00    124.00
      4.00     -4.00    124.00
     -4.00     -2.00    124.00
     -2.00     -2.00    124.00
      0.00     -2.00    124.00
      2.00     -2.00    124.00
      4.00     -2.00    124.00
     -4.00      0.00    124.00
     -2.00      0.00    124.00
      0.00      0.00    124.00
      2.00      0.00    124.00
      4.00      0.00    124.00
     -4.00      2.00    124.00
     -2.00      2.00    124.00
      0.00      2.00    124.00
      2.00      2.00    124.00
      4.00      2.00    124.00
     -4.00      4.00    124.00
     -2.00      4.00    124.00
      0.00      4.00    124.00
      2.00      4.00    124.00
      4.00      4.00    124.00
     -4.00     -4.00    128.00
     -2.00     -4.00    128.00
      0.00     -4.00    128.00
      2.00     -4.00    128.00
      4.00     -4.00    128.00
     -4.00     -2.00    128.00
     -2.00     -2.00    128.00
      0.00     -2.00    128.00
      2.00     -2.00    128.00
      4.00     -2.00    128.00
     -4.00      0.00    128.00
     -2.00      0.00    128.00
      0.00      0.00    128.00
      2.00      0.00    128.00
      4.00      0.00    128.00
     -4.00      2.00    128.00
     -2.00      2.00    128.00
      0.00      2.00    128.00
      2.00      2.00    128.00
      4.00      2.00    128.00
     -4.00      4.00    128.00
     -2.00      4.00    128.00
      0.00      4.00    128.00
      2.00      4.00    128.00
      4.00      4.00    128.00
